4224336,1
4198424,1
4198520,1
4198328,1
4194816,1
4196840,1
4194864,1
4198344,1
4198400,1
4224144,1
4224240,1
4268888,1
4269152,1
4269336,1
4224248,1
4196824,1
4194832,1
4198336,1
4198432,1
4198488,1
4196808,1
4194848,1
